L1,36,14,75,49
w11,94,14,157,49
w12,176,14,239,49
w3,258,14,320,49
w14,334,14,402,49
L2,27,88,76,120
W21,88,89,153,121
w22,170,89,235,121
23,253,90,318,122
w24,335,91,400,123
L3,9,162,73,196
W3,97,162,136,196
w32,171,162,238,196
wB3,256,162,323,196
wa4,335,162,402,196
L,35,237,55,270
w41,90,237,154,270
w42,172,237,236,270
43,249,237,319,270
w,337,237,363,270
5,45,311,73,345
w51,86,311,153,345
w52,171,311,238,345
w53,250,311,317,345
w54,335,311,402,345
L6,10,386,71,419
W61,90,386,154,419
w62,172,386,236,419
w63,255,386,319,419
wรถ4,337,386,401,419