ii,95,11,111,26
«hown,115,11,159,26
in,160,11,176,26
the,177,11,201,26
diaram,205,11,261,26
What,91,29,134,51
will,135,29,167,51
happen,168,29,222,51
to,226,29,244,51
the,245,29,274,51
brightness,274,29,351,51
of,351,29,373,51
the,373,29,398,51
lamps,,402,29,453,51
i,454,29,464,51
the,472,29,497,51
esistar,500,28,555,52
Give,192,53,226,66
sa,306,11,335,34
battery,333,11,385,34
B,387,11,404,34
rheoutat,425,11,481,34
Rh'and,482,11,542,34
identical,540,11,600,34
la,597,11,611,34
ad,20,28,63,52
The,33,10,65,23
